image: ./men_line.pgm
resolution: 0.050000
origin: [-39.000000, -43.000000, 0.000000]
negate: 0
occupied_thresh: 0.55
free_thresh: 0.196

